[gd_scene load_steps=9 format=2]

[ext_resource path="res://src/assets/textures/texture_09.png" type="Texture" id=1]
[ext_resource path="res://src/vehicles/sprint_car.tscn" type="PackedScene" id=2]
[ext_resource path="res://src/shaders/post_process_outlines.shader" type="Shader" id=3]

[sub_resource type="PlaneMesh" id=1]
size = Vector2( 2000, 2000 )

[sub_resource type="SpatialMaterial" id=2]
flags_world_triplanar = true
albedo_color = Color( 0.470588, 0.470588, 0.470588, 1 )
albedo_texture = ExtResource( 1 )
uv1_triplanar = true
uv2_triplanar = true

[sub_resource type="ConvexPolygonShape" id=3]
points = PoolVector3Array( -100.546, 0.546448, -100.546, 100.546, 0.546448, 100.546, -100.546, 0.546448, 100.546, 100.546, 0.546448, -100.546 )

[sub_resource type="ShaderMaterial" id=4]
shader = ExtResource( 3 )
shader_param/color_outline_scale = 2.0
shader_param/depth_outline_scale = 2.0
shader_param/depth_threshold = 2.5
shader_param/depth_multiplier = 1000.0
shader_param/edge_threshold = 0.04
shader_param/max_edge_alpha = 0.8
shader_param/edge_alpha_multiplier = 3.0
shader_param/edge_color = Color( 0, 0, 0, 1 )
shader_param/depth_use_laplace = true
shader_param/color_use_laplace = false
shader_param/use_bg_texture = false

[sub_resource type="QuadMesh" id=5]
material = SubResource( 4 )
size = Vector2( 2, 2 )

[node name="MenuBackground" type="Spatial"]
transform = Transform( 1, 0, 0, 0, 1, 0, 0, 0, 1, 0, 100, 0 )

[node name="Floor" type="StaticBody" parent="."]

[node name="Mesh" type="MeshInstance" parent="Floor"]
mesh = SubResource( 1 )
skeleton = NodePath("../..")
material/0 = SubResource( 2 )

[node name="Collision" type="CollisionShape" parent="Floor"]
shape = SubResource( 3 )

[node name="Camera" type="Camera" parent="."]
transform = Transform( 0.406211, -0.117362, -0.906211, 0.258992, 0.965838, -0.00899061, 0.876308, -0.231049, 0.42273, 0.193981, 4.01706, 1.4823 )
fov = 80.0

[node name="MeshInstance" type="MeshInstance" parent="Camera"]
transform = Transform( 1, 0, 0, 0, 1, 0, 2.98023e-08, -7.45058e-09, 1, 0, 0, 0 )
mesh = SubResource( 5 )

[node name="SprintCar" parent="." instance=ExtResource( 2 )]
transform = Transform( -5.96046e-08, 0, -1, 0, 1, 0, 1, 0, -5.96046e-08, 5, 0.5, -3 )

[node name="Wheel_FL" parent="SprintCar" index="0"]
transform = Transform( 0.93358, 0, 0.358368, 0, 1, 0, -0.358368, 0, 0.93358, 1.28182, 0.654825, 2.39373 )

[node name="Wheel_FR" parent="SprintCar" index="1"]
transform = Transform( 0.93358, 0, 0.358368, 0, 1, 0, -0.358368, 0, 0.93358, -1.28182, 0.654824, 2.39373 )

[node name="Boost" parent="SprintCar" index="8"]
emitting = true

[editable path="SprintCar"]
